0.000013330720845128066 1.2015977654570835e-7
0.00001743080570999822 8.716311381310403e-8
0.000024882300642914867 5.849084434915831e-8
0.000037764701065859106 3.828104777701739e-8
0.00006702408270868944 2.29781879967814e-8
0.00009571031372586488 1.741015548601892e-8
0.00013882458787372503 1.3581031298761429e-8
0.000209880940269798 1.0748741900790278e-8
0.00026620216956680645 9.561924509608175e-9
0.00039839692504995984 8.139870228436261e-9
0.0006344948261087814 7.133386096812726e-9
0.0010106674989229338 6.594409864009965e-9
0.0013326485289221418 6.438603169337414e-9
0.002022108426994086 6.715214594725147e-9
0.0029060289813951034 7.651052984270913e-9
0.004153184146232627 9.64258684134834e-9
0.006405758520527534 1.2417688966337679e-8
0.011605349497315362 2.0554642106170848e-8
0.0211119338810648 3.506550984656217e-8
0.0674024674841045 1.0630475871920888e-7
0.12255333114345479 1.8853533250272218e-7
0.13795230068213774 2.1365731740568927e-7
0.22354442232820226 3.4526415533091263e-7
0.351136756996522 5.419439458496387e-7
0.5962039329564561 9.148172802783696e-7
0.9812754746486836 0.0000014999732160069767
1.590105116337323 0.000002423914105690489
2.617109795029093 0.000003974352381418614
4.110876203304009 0.000006238342957202046
6.6614579212257885 0.000010080984999419235
10.794540979024504 0.000016290585377514407
17.221772677994913 0.000025945078509649445
27.051434989525706 0.0000407246973246377
43.83542266407045 0.00006580995396567529
59.54562531969244 0.00009005782209770653
120.52302061155122 0.00018772334357781173
218.84145817088717 0.00033611355853535205
