0.000012099727264799038 0.0000011443064327521585
0.000016653455875431894 7.036546323916348e-7
0.000021108236693449774 4.982090342999402e-7
0.00002935834463894288 3.200397873063025e-7
0.000037991628871953294 2.299150050374791e-7
0.000051769051343404814 1.588602462993786e-7
0.00007390190966759344 1.0764377580830689e-7
0.00008898686379782975 8.903870725900976e-8
0.0001330919127021497 6.091635728889876e-8
0.00021017737744728784 4.1976823040222503e-8
0.0003120136054855645 3.18801322466598e-8
0.0005005845074490595 2.4267407366966647e-8
0.0006703328103423644 2.1170476862701955e-8
0.0010785695290089436 1.784540815451149e-8
0.0015410526607087904 1.634085723893959e-8
0.0020695311428355415 1.5633497089948524e-8
0.0027722929559739072 1.523572262789406e-8
0.004183844970467627 1.6074977671779914e-8
0.0060912795241217 1.8583571325359796e-8
0.009126909048578997 2.3616526177105126e-8
0.01357135837787848 3.135396459833155e-8
0.01881712028803558 4.073173655311428e-8
0.028646322883347293 5.858598446249686e-8
0.03941126215892451 7.888589621250409e-8
0.054564217615852444 1.0689842031142601e-7
0.08787726643592537 1.669183873828065e-7
0.18649033648045332 3.3383439701115514e-7
0.21345340309176872 3.936759618687194e-7
0.3352860919136394 6.179335470164973e-7
0.5965100071717252 0.0000010896023529944497
1.0128293470774097 0.0000018392807388752469
1.6412365012393446 0.0000029722254235663695
2.6184533450838776 0.0000047336925086341935
4.243065447446475 0.000007649512618781606
6.7694502930481475 0.000012182938848151148
11.141649999659833 0.000019975663291927535
17.775555618786832 0.000031814090186516076
27.92130033389205 0.00004993699259852796
42.51338255823438 0.0000761367639697906
54.9230169935009 0.00009969262454167348
120.57689165311594 0.0002185916795366492
250.72261276898436 0.00044421137913159013
